-1     1
10     15
13     15
32     183
34     12
44     15
45     6
46     13
49     2
52     3
53     2
55     1
57     2
59     1
63     1
65     3
67     4
69     1
70     2
71     1
72     5
73     6
76     2
77     2
78     2
80     1
83     2
84     2
85     2
87     4
97     62
98     10
99     24
100     34
101     92
102     14
103     27
104     43
105     47
107     3
108     28
109     20
110     62
111     80
112     27
113     2
114     60
115     44
116     79
117     25
118     8
119     19
120     1
121     17
122     1
256     1
